% Data for canary islands region
DW1 = [0.176,5.063;4.783,2.987;12.45,5.975;17.233,6.481;32.989,10.532;40.727,1.519;53.318,6.076;59.894,0.861];
DW2 = [0.176,2.38;4.853,2.785;12.591,1.57;17.304,2.076;40.797,0.709;53.247,1.418;59.894,1.215];
DW3 = [0.106,1.418;4.713,0.81;12.661,0.709;17.655,1.367;33.411,0.658;40.657,0.759;53.247,1.165;59.894,0.456];
DW4 = [0.035,0.506;4.642,0.608;12.521,0.304;17.163,0.759;40.868,0.304;53.247,0.253;59.965,0.405];